000000000000000000000000000000000
000000000000000000000000000000000
000000000000000000000000000000000
000000000000000000000000000000000
000011111110001000110011111110000
000010000010100011010010000010000
000010111010110101110010111010000
000010111010110010010010111010000
000010111010111100100010111010000
000010000010100101110010000010000
000011111110101010101011111110000
000000000000010101111000000000000
000000100111111010010101111100000
000000111101011101010111011010000
000010100110101011000010011010000
000001010000110111010101110000000
000011010011110111001111010110000
000000000000011101101011011010000
000011111010100010001110100110000
000000100001001111011100110100000
000011110010110011101111100100000
000000000000101010111000110000000
000011111110111001011010110010000
000010000010101101001000110110000
000010111010011111111111110100000
000010111010010110010001110000000
000010111010101000111110101110000
000010000010011011000110000000000
000011111110001010000101110010000
000000000000000000000000000000000
000000000000000000000000000000000
000000000000000000000000000000000
000000000000000000000000000000000
